TIMESTAMP 29999
TIMESTAMP 29999
0
0
0
140
1521542 7433
1521543 2587
1521544 7145
1521545 1497
1521546 7847
1521547 1684
1521548 5608
1521549 3448
1521550 1534
1521551 1117
1521552 2717
1521553 2267
1521554 1373
1521555 1373
1521556 5989
1521557 5989
1521558 3260
1521559 2799
1521560 7726
1521561 2902
1521562 2902
1521563 7834
1521564 2692
1521565 2692
1521566 2692
1521567 2772
1521568 62
1521569 2568
1521570 5381
1521571 7450
1521572 5958
1521573 1663
1521574 4758
1521575 3647
1521576 3647
1521577 44
1521578 5518
1521579 4742
1521580 4742
1521581 1118
1521582 7966
1521583 4344
1521584 7002
1521585 6094
1521586 1091
1521587 5081
1521588 1523
1521589 8160
1521590 8160
1521591 2000
1521592 4840
1521593 6622
1521594 6622
1521595 3308
1521596 7689
1521597 8079
1521598 2301
1521599 821
1521600 8140
1521601 4782
1521602 7853
1521603 2087
1521604 3779
1521605 3779
1521606 6268
1521607 1334
1521608 2724
1521609 4153
1521610 6410
1521611 7361
1521612 6595
1521613 253
1521614 4993
1521615 7288
1521616 4422
1521617 3173
1521618 241
1521619 241
1521620 1539
1521621 6013
1521622 1484
1521623 6232
1521624 6232
1521625 3253
1521626 5054
1521627 7365
1521628 6158
1521629 4317
1521630 3881
1521631 3368
1521632 458
1521633 2960
1521634 6365
1521635 6604
1521636 2635
1521637 6892
1521638 6687
1521639 6687
1521640 1608
1521641 1608
1521642 7108
1521643 7886
1521644 7035
1521645 7300
1521646 4873
1521647 2748
1521648 4091
1521649 4091
1521650 5164
1521651 5164
1521652 3459
1521653 7969
1521654 2221
1521655 2221
1521656 830
1521657 830
1521658 1410
1521659 8148
1521660 2351
1521661 5176
1521662 912
1521663 7843
1521664 6996
1521665 560
1521666 7415
1521667 6512
1521668 6518
1521669 1007
1521670 2041
1521671 2041
1521672 8149
1521673 5060
1521674 891
1521675 6638
1521676 5260
1521677 1519
1521678 5190
1521679 398
1521680 7904
1521681 4184
rrrrrrrrrrrrrrrrrrrrr#
rrrrrrrrrrrrrrrrrrrrr#
rrrrrrrrrrppppppppppp#
rrrrrrrrrrpppppprrr#
rprppppprrrprpppp#
rrrrrppppppppprrr#
rr#
rrrrrrrrrrrrrrrrrrrrr#
rrrrrrrrrrrrrrrrrrrrr#
rrprrpppppppppppprr#
78
1513443
1519177
1519178
1511091
1511092
1518889
1518890
1515020
1520594
1511293
1519120
1508708
1508709
1516135
1508816
1517262
1517263
1513801
1510969
1516382
1516383
1511028
1516575
1508858
1508859
1519800
1519729
1518830
1520908
1509829
1520910
1520911
1518458
1507944
1507945
1515393
1520451
1510084
1517510
1510446
1518142
1518143
1518144
1517372
1517373
1514025
1514026
1505255
1512776
1512777
1520452
1507596
1520086
1513283
1521324
1506335
1513794
1519165
1521131
1521497
1503508
1514305
1519926
1520119
1508144
1513223
1518943
1515377
1520430
1513506
1518509
1521165
1519920
1519185
1521513
1518135
1517968
1517969
TIMESTAMP 30000
TIMESTAMP 30000
0
0
0
143
1521682 2471
1521683 6042
1521684 3106
1521685 4451
1521686 6522
1521687 4889
1521688 3811
1521689 188
1521690 5637
1521691 5637
1521692 2762
1521693 3571
1521694 6627
1521695 2876
1521696 2876
1521697 1006
1521698 5518
1521699 6403
1521700 5154
1521701 2977
1521702 30
1521703 30
1521704 3708
1521705 1748
1521706 5052
1521707 828
1521708 1949
1521709 843
1521710 6389
1521711 5304
1521712 5304
1521713 2022
1521714 8041
1521715 4060
1521716 8167
1521717 1327
1521718 8190
1521719 7613
1521720 8143
1521721 4313
1521722 4313
1521723 7950
1521724 3598
1521725 6596
1521726 162
1521727 8142
1521728 7815
1521729 4063
1521730 4063
1521731 4063
1521732 4063
1521733 3846
1521734 1125
1521735 1125
1521736 6192
1521737 3259
1521738 3259
1521739 3396
1521740 7463
1521741 5781
1521742 2082
1521743 2082
1521744 5094
1521745 4734
1521746 1471
1521747 865
1521748 865
1521749 865
1521750 6250
1521751 3117
1521752 2996
1521753 5412
1521754 3821
1521755 4390
1521756 4390
1521757 6292
1521758 4168
1521759 5711
1521760 5962
1521761 1749
1521762 1749
1521763 6158
1521764 4927
1521765 5279
1521766 2733
1521767 625
1521768 5318
1521769 7292
1521770 7292
1521771 945
1521772 945
1521773 2362
1521774 7979
1521775 2948
1521776 3067
1521777 3067
1521778 8050
1521779 3466
1521780 571
1521781 2047
1521782 2047
1521783 3512
1521784 7413
1521785 3545
1521786 2808
1521787 2221
1521788 7396
1521789 718
1521790 7122
1521791 7122
1521792 3159
1521793 6792
1521794 6794
1521795 6794
1521796 5548
1521797 5548
1521798 2511
1521799 2511
1521800 3615
1521801 3615
1521802 3615
1521803 6190
1521804 5613
1521805 5613
1521806 4247
1521807 1257
1521808 1257
1521809 1257
1521810 1838
1521811 1838
1521812 2239
1521813 2239
1521814 2239
1521815 2239
1521816 7720
1521817 5145
1521818 5145
1521819 5292
1521820 8059
1521821 8059
1521822 4777
1521823 2685
1521824 1838
rppppprrrrpppppppppprr#
rrrrrrrrrrrrrrrrrrrrr#
rrrrrppppppppprr#
rrrrrrrrrrrrrrrrppppp#
rrrrrpppppppppppprpppppp#
rrrrrrrrrrppppppprpppprpppp#
j 1743
rrrrrrrrrrrrrrrrrrrrr#
rrrrrppppppprrrrrrr#
rprpprppppppppppppppppprrr#
87
1505903
1511347
1516960
1510217
1517630
1511996
1511997
1519864
1519865
1514309
1502206
1502207
1502319
1507885
1512969
1518828
1518829
1513032
1518241
1519108
1519109
1519110
1515994
1503162
1503163
1508646
1508647
1513868
1519554
1521241
1521242
1515942
1515943
1521630
1520340
1512131
1519985
1519488
1517643
1511998
1519980
1506853
1509179
1509180
1516646
1518025
1520386
1519607
1515520
1520571
1519216
1515258
1520328
1520329
1517616
1514630
1514631
1516692
1513595
1519313
1516190
1514538
1509343
1512528
1520339
1510224
1510330
1517639
1517640
1517641
1517642
1505366
1512912
1520743
1514135
1517426
1516439
1516440
1521129
1509047
1516504
1514877
1520978
1502334
1508002
1513109
1512704
TIMESTAMP 30001
TIMESTAMP 30001
0
0
0
106
1521825 6466
1521826 2028
1521827 6267
1521828 2695
1521829 6435
1521830 4075
1521831 4075
1521832 8029
1521833 1180
1521834 2325
1521835 4116
1521836 5269
1521837 5269
1521838 5678
1521839 4297
1521840 4297
1521841 1537
1521842 4371
1521843 6297
1521844 2735
1521845 3834
1521846 628
1521847 5267
1521848 5267
1521849 5072
1521850 7367
1521851 1167
1521852 1167
1521853 4041
1521854 1814
1521855 3559
1521856 3528
1521857 3944
1521858 3944
1521859 3515
1521860 7063
1521861 4989
1521862 6640
1521863 6463
1521864 658
1521865 3649
1521866 278
1521867 1937
1521868 7764
1521869 7764
1521870 2161
1521871 7900
1521872 4522
1521873 4522
1521874 5488
1521875 2510
1521876 2452
1521877 2750
1521878 6554
1521879 1241
1521880 1241
1521881 6912
1521882 2910
1521883 315
1521884 315
1521885 68
1521886 3021
1521887 3021
1521888 1243
1521889 7889
1521890 3966
1521891 577
1521892 286
1521893 10
1521894 2144
1521895 7380
1521896 1705
1521897 4724
1521898 4724
1521899 5990
1521900 1067
1521901 4603
1521902 8178
1521903 8178
1521904 824
1521905 1215
1521906 678
1521907 8174
1521908 4985
1521909 182
1521910 3735
1521911 2627
1521912 6636
1521913 152
1521914 6542
1521915 505
1521916 2932
1521917 3362
1521918 4800
1521919 4800
1521920 4800
1521921 268
1521922 5563
1521923 4978
1521924 6743
1521925 4002
1521926 7920
1521927 6977
1521928 6640
1521929 8175
1521930 7138
rrppprppppppppppppppprpppppppppppppppppppppppppppppppppppppprppppppppppppppppppp#
rrrrrrrrrrrrrrrrrrrrr#
rrrrppppprrrr#
rrrrrrrrrrrr#
rrrrrrrrrrrr#
rrppppprrrrrpppp#
rppppppppppppppppppppppprpppppppppppppppppppppppppppppppprrr#
rrrrrrrrrrrrrrrrrrrrr#
rrrrrrrrrrrrrrrrrrrrr#
rrrppppppppppppppppprrppprpppp#
80
1520385
1519299
1514761
1518031
1514534
1501297
1508819
1509589
1514830
1512452
1518091
1515509
1515510
1515511
1509764
1520071
1517230
1517231
1519847
1511387
1516633
1521697
1502076
1507655
1512841
1518575
1502707
1508257
1513347
1519174
1519175
1518577
1518578
1520038
1520039
1517959
1503561
1501110
1520378
1520379
1509054
1516512
1510832
1518523
1518146
1503225
1510722
1518397
1512130
1519984
1520600
1520601
1517376
1507221
1514878
1520380
1517128
1512000
1505969
1505970
1513401
1521448
1508331
1515778
1509782
1517261
1505482
1520864
1520518
1513104
1502928
1521494
1521495
1521496
1511855
1505605
1520665
1520666
1520783
1520784
TIMESTAMP 30002
TIMESTAMP 30002
1
67
1
1515500
0
112
1521931 2316
1521932 5878
1521933 2918
1521934 5644
1521935 5166
1521936 5166
1521937 4140
1521938 8008
1521939 7602
1521940 7120
1521941 7120
1521942 7120
1521943 4378
1521944 5914
1521945 5659
1521946 5610
1521947 1153
1521948 2103
1521949 2103
1521950 4600
1521951 1175
1521952 4143
1521953 4143
1521954 6193
1521955 4539
1521956 4539
1521957 3854
1521958 6745
1521959 7262
1521960 2467
1521961 6304
1521962 6640
1521963 1356
1521964 2358
1521965 3907
1521966 5470
1521967 7806
1521968 7806
1521969 4163
1521970 7323
1521971 3111
1521972 7255
1521973 6022
1521974 8175
1521975 5175
1521976 7341
1521977 6412
1521978 7661
1521979 498
1521980 385
1521981 385
1521982 2030
1521983 4849
1521984 1972
1521985 8165
1521986 7012
1521987 5508
1521988 3172
1521989 3172
1521990 2983
1521991 1071
1521992 8010
1521993 3955
1521994 1431
1521995 437
1521996 1630
1521997 6989
1521998 7646
1521999 1448
1522000 1448
1522001 3180
1522002 7883
1522003 2526
1522004 2526
1522005 1250
1522006 3807
1522007 6853
1522008 3102
1522009 3102
1522010 8177
1522011 8177
1522012 4659
1522013 5816
1522014 5816
1522015 7711
1522016 3358
1522017 7640
1522018 7640
1522019 7640
1522020 7640
1522021 1198
1522022 7666
1522023 7937
1522024 4083
1522025 6236
1522026 347
1522027 632
1522028 1082
1522029 5461
1522030 1872
1522031 6977
1522032 5457
1522033 5457
1522034 5457
1522035 3924
1522036 7977
1522037 7176
1522038 7176
1522039 7176
1522040 7176
1522041 5745
1522042 5745
rppppppppprrrppppppppr#
rrrrrrrrrrrrrrrrrrrrr#
rrrrrrrrrrrrrrrrrrrr#
rrrrrrrrrrrrrrrrrrrrr#
rrrrrrpppppprpppppppppprrr#
rrpppprrrrrpppppppp#
ppppppppppppppppppppppppppppppppppppppppppppppppppppppppppppppppppppppppppprrrrppppppppppppppppppppppppppppppppppppppppppppppp#
rrrrrrrrrrrrrrrrrrrrr#
rpppppprrpppppprrppr#
rrpppppppppprrpppr#
102
1519664
1519616
1508711
1516137
1513912
1521954
1514646
1513673
1521843
1506590
1521961
1516895
1516896
1515013
1510841
1518776
1519486
1519487
1511292
1519118
1511024
1516571
1516572
1504944
1510274
1515723
1521503
1510510
1516077
1521769
1521770
1511026
1516574
1517078
1507658
1518579
1509727
1515080
1520797
1507888
1512973
1518831
1508763
1511480
1511481
1517178
1517179
1510912
1515724
1519306
1513393
1521444
1515882
1515883
1518777
1514147
1513849
1520583
1513022
1518138
1517482
1518992
1520180
1513513
1519559
1512638
1517764
1510831
1513527
1521451
1505783
1505784
1511340
1516949
1516950
1515832
1521505
1521634
1511770
1512255
1520081
1519665
1519666
1516070
1513100
1513101
1520218
1510694
1511778
1511779
1514038
1514902
1514903
1514904
1514905
1515026
1516019
1519381
1520476
1520477
1521589
1521590
TIMESTAMP 30003
TIMESTAMP 30003
0
0
0
133
1522043 4923
1522044 7340
1522045 1372
1522046 1372
1522047 1372
1522048 4483
1522049 6783
1522050 7710
1522051 4619
1522052 7360
1522053 6060
1522054 1493
1522055 1493
1522056 69
1522057 69
1522058 4193
1522059 2655
1522060 7523
1522061 1571
1522062 6714
1522063 5831
1522064 5713
1522065 5713
1522066 5819
1522067 5819
1522068 6109
1522069 8152
1522070 3673
1522071 254
1522072 3908
1522073 3908
1522074 6177
1522075 2597
1522076 5917
1522077 7986
1522078 3193
1522079 1195
1522080 1195
1522081 4559
1522082 2116
1522083 5902
1522084 3157
1522085 1169
1522086 3971
1522087 8135
1522088 8135
1522089 2141
1522090 5139
1522091 5139
1522092 225
1522093 296
1522094 6564
1522095 1656
1522096 1858
1522097 4859
1522098 3308
1522099 8079
1522100 8079
1522101 2301
1522102 8140
1522103 8140
1522104 8140
1522105 2087
1522106 3779
1522107 6268
1522108 6268
1522109 2724
1522110 2724
1522111 4153
1522112 6410
1522113 7361
1522114 1855
1522115 1855
1522116 4993
1522117 3212
1522118 5725
1522119 1254
1522120 1043
1522121 7247
1522122 5297
1522123 5022
1522124 367
1522125 6761
1522126 3174
1522127 415
1522128 8073
1522129 846
1522130 858
1522131 858
1522132 3398
1522133 5003
1522134 1878
1522135 1878
1522136 683
1522137 609
1522138 6839
1522139 2935
1522140 4576
1522141 817
1522142 5820
1522143 5820
1522144 5676
1522145 1596
1522146 819
1522147 819
1522148 819
1522149 819
1522150 5115
1522151 5115
1522152 5115
1522153 8182
1522154 3319
1522155 693
1522156 6748
1522157 2254
1522158 1562
1522159 2284
1522160 2797
1522161 7297
1522162 2668
1522163 2668
1522164 5049
1522165 6387
1522166 3084
1522167 3084
1522168 2605
1522169 5576
1522170 5576
1522171 5576
1522172 4717
1522173 1412
1522174 1412
1522175 1412
pprrpprrrrpppppppppppppppppp#
rrrrrrrrrrpppppppppppppppppppppprrr#
rrppppppprrrrrrrrrr#
rrrrrrrrrrrrrrrrrrrrr#
rppppppppppprrpppprrr#
rrprrrrr#
rppppppppppppppppppppppprrppppprpppppppppppr#
rrrrrrrrrrrrrrrrrppppppr#
rpppppprrrrrrrr#
rrpppppppprrrppppppppr#
117
1520860
1517966
1519838
1520857
1520858
1517609
1517610
1519963
1516881
1516882
1522054
1522055
1516124
1521081
1521082
1521083
1521550
1521841
1517765
1518460
1521240
1513664
1513665
1509052
1520977
1503231
1510725
1517427
1518336
1517108
1520788
1520789
1517823
1517824
1515201
1521443
1520453
1516509
1516510
1520342
1520338
1518421
1520243
1520662
1521201
1521719
1516801
1517677
1518178
1518664
1519151
1519152
1520025
1521477
1521978
1510477
1511002
1511438
1511916
1513550
1513551
1513941
1514427
1514931
1514932
1515446
1515935
1516413
1516414
1516415
1517299
1518309
1518310
1518817
1519282
1519765
1519766
1519767
1520226
1520227
1520650
1521113
1521114
1521115
1521613
1511005
1511921
1512425
1512935
1513942
1514429
1514933
1515936
1516417
1516920
1517395
1517871
1517917
1518311
1518312
1518819
1519284
1520229
1520230
1520651
1521117
1521118
1517958
1519310
1510904
1516434
1522138
1505475
1511073
1516355
1521429
1521297
TIMESTAMP 30004
TIMESTAMP 30004
0
0
0
139
1522176 5626
1522177 5015
1522178 6846
1522179 7306
1522180 7306
1522181 7306
1522182 3926
1522183 2333
1522184 1784
1522185 1784
1522186 1789
1522187 8
1522188 4107
1522189 4107
1522190 4107
1522191 284
1522192 284
1522193 5233
1522194 7553
1522195 7553
1522196 7792
1522197 1859
1522198 3405
1522199 8106
1522200 3595
1522201 3446
1522202 2332
1522203 1095
1522204 3248
1522205 3248
1522206 861
1522207 861
1522208 3636
1522209 3792
1522210 3306
1522211 6848
1522212 4096
1522213 72
1522214 6611
1522215 2162
1522216 4993
1522217 501
1522218 501
1522219 501
1522220 501
1522221 7288
1522222 4422
1522223 478
1522224 7521
1522225 7521
1522226 3173
1522227 3173
1522228 1925
1522229 241
1522230 1539
1522231 1539
1522232 1539
1522233 6013
1522234 6013
1522235 1484
1522236 7613
1522237 8143
1522238 4313
1522239 7950
1522240 8142
1522241 5391
1522242 5391
1522243 1306
1522244 1306
1522245 7815
1522246 7815
1522247 4063
1522248 1125
1522249 1125
1522250 7026
1522251 6192
1522252 3259
1522253 3396
1522254 3396
1522255 7463
1522256 3481
1522257 6934
1522258 6934
1522259 5822
1522260 6086
1522261 2142
1522262 2990
1522263 1190
1522264 2567
1522265 7234
1522266 3105
1522267 1875
1522268 6492
1522269 2937
1522270 4333
1522271 4482
1522272 4868
1522273 1236
1522274 5701
1522275 2416
1522276 7225
1522277 2253
1522278 300
1522279 8180
1522280 8180
1522281 8164
1522282 7587
1522283 7765
1522284 7765
1522285 2957
1522286 4597
1522287 4597
1522288 6143
1522289 1799
1522290 4634
1522291 4634
1522292 4367
1522293 7952
1522294 7952
1522295 7952
1522296 7997
1522297 7682
1522298 7682
1522299 5403
1522300 7612
1522301 4428
1522302 3110
1522303 1942
1522304 24
1522305 2698
1522306 3063
1522307 7807
1522308 7807
1522309 1008
1522310 1008
1522311 3540
1522312 3540
1522313 7371
1522314 6702
rrrrrppppprppp#
rpppppppppppppppppppppppppppppppprrrppppppppppprppppppppppppp#
rrrrrrrrrrrrrrrrrrrrr#
rrrrrrrrrrrrrrrrrrrrr#
rrppprpppprrrr#
rrrpppppppppppppprrrrrrpppppppppp#
rpppppprrrppppprpr#
rrrrrrrrrrrrrrr#
rrrrrrrrrrrrrrrrrrrrr#
rpppppppppppppppprpppppprrrppppppppppp#
132
1521375
1521376
1518071
1518072
1518319
1518320
1519967
1519968
1513119
1518930
1518931
1508147
1513225
1519053
1509456
1503466
1518784
1518785
1517130
1510445
1518033
1514376
1514377
1521445
1521446
1507223
1507224
1514647
1520604
1517065
1517620
1512629
1518627
1508565
1513903
1519111
1515988
1520966
1510077
1520433
1520434
1522061
1516899
1503038
1513867
1519553
1506198
1506199
1506200
1513656
1510997
1511430
1511909
1512417
1512418
1513434
1513931
1514423
1514923
1514924
1515437
1515438
1515928
1516914
1517293
1518302
1518810
1518811
1518812
1520171
1520640
1520641
1521110
1521607
1516277
1516794
1517160
1517668
1518173
1518556
1519147
1520493
1520494
1521001
1521472
1518060
1518061
1518545
1519029
1519514
1519515
1520376
1520881
1521349
1521350
1521351
1521352
1521761
1521762
1518291
1518680
1518681
1518682
1519264
1519655
1519656
1520629
1521095
1521492
1522096
1521997
1517074
1520508
1510781
1516425
1522125
1519569
1506193
1511639
1522049
1521250
1521251
1521252
1521253
1521512
1509342
1519538
1519539
1519534
1519046
1519047
1519048
TIMESTAMP 30005
TIMESTAMP 30005
0
0
0
110
1522315 5169
1522316 5169
1522317 3695
1522318 3232
1522319 3232
1522320 5256
1522321 1480
1522322 1924
1522323 5220
1522324 4291
1522325 4291
1522326 8077
1522327 1593
1522328 1593
1522329 807
1522330 3822
1522331 6477
1522332 1304
1522333 4971
1522334 7793
1522335 4141
1522336 236
1522337 4420
1522338 3301
1522339 6432
1522340 3442
1522341 3442
1522342 3442
1522343 6197
1522344 6299
1522345 8139
1522346 4471
1522347 4076
1522348 2082
1522349 2082
1522350 2621
1522351 4734
1522352 7170
1522353 1740
1522354 6250
1522355 3117
1522356 2996
1522357 2996
1522358 5412
1522359 726
1522360 3821
1522361 4390
1522362 7232
1522363 4168
1522364 5711
1522365 5962
1522366 5962
1522367 5853
1522368 1749
1522369 999
1522370 6463
1522371 3945
1522372 7345
1522373 2637
1522374 8053
1522375 6798
1522376 2226
1522377 849
1522378 1900
1522379 8025
1522380 6110
1522381 5513
1522382 651
1522383 2475
1522384 2475
1522385 6925
1522386 3082
1522387 445
1522388 1136
1522389 7838
1522390 2342
1522391 7032
1522392 7032
1522393 6123
1522394 6123
1522395 2740
1522396 7067
1522397 3954
1522398 7967
1522399 6979
1522400 6979
1522401 6979
1522402 2617
1522403 2617
1522404 4588
1522405 4588
1522406 5167
1522407 5031
1522408 405
1522409 661
1522410 5842
1522411 2386
1522412 2865
1522413 2865
1522414 5350
1522415 7848
1522416 7982
1522417 4830
1522418 5679
1522419 7038
1522420 1170
1522421 1713
1522422 7264
1522423 1278
1522424 7479
rrrrrrrrrrrr#
rrppppppprrppr#
rrrrrrrrrrrrrrrrrrrrr#
rrrrrrrrrrrrrrrrrrrrr#
rrpppprrrrppr#
rppppprrrppppppppppr#
rrprppppppppprrrpp#
rrrrrrrrrrrrrrrrrrrrr#
rrpppppppppppppppppppppprrrrrrrrr#
pprprrpppppprrpppp#
248
1513099
1510641
1507056
1516071
1513948
1514438
1516034
1516923
1517922
1517923
1518416
1519773
1520654
1522228
1514291
1514813
1515306
1515818
1516294
1516808
1517173
1517174
1517175
1517788
1518184
1518671
1518672
1519157
1519158
1520503
1520504
1521015
1521984
1512810
1513322
1513323
1514288
1515299
1515813
1517169
1517681
1518180
1518181
1518666
1518667
1518668
1519643
1521481
1521982
1514061
1514570
1515063
1515561
1516057
1516559
1516943
1517421
1517942
1518437
1518438
1518439
1518920
1519398
1519399
1519400
1519894
1519895
1520354
1521220
1521742
1521743
1522348
1522349
1514176
1515194
1516174
1516175
1517149
1517558
1518550
1518551
1519039
1519520
1520894
1521367
1521870
1516059
1517040
1517424
1517944
1518441
1518442
1518922
1519401
1519897
1519898
1520355
1520776
1521223
1522350
1511305
1511306
1512278
1512697
1513310
1513820
1514182
1514799
1516275
1516792
1517159
1517666
1519524
1520014
1521471
1521877
1516299
1516812
1517279
1517280
1517792
1517793
1518289
1518676
1519652
1520102
1520625
1520626
1521092
1521488
1521990
1508627
1509209
1509210
1509697
1510137
1510632
1511674
1512157
1512568
1512569
1513702
1514669
1515073
1515681
1516068
1516672
1518047
1518540
1518541
1519018
1519414
1519415
1519416
1520366
1520367
1521343
1521752
1522356
1522357
1516298
1516810
1516811
1517278
1517791
1518286
1518287
1518288
1519160
1519161
1519651
1520623
1520624
1521487
1521988
1521989
1518802
1519265
1519657
1520630
1521096
1521493
1522097
1519097
1517479
1515952
1521644
1518940
1519663
1515021
1514648
1514140
1514141
1506204
1521578
1521698
1510723
1518516
1512654
1520450
1509524
1518322
1517762
1515758
1515759
1513517
1518628
1514248
1519356
1515525
1520584
1514017
1515651
1520729
1520730
1504437
1509876
1515252
1520198
1508372
1508373
1509117
1516891
1518524
1520383
1514375
1521946
1508379
1513447
1510505
1515953
1521645
1520127
1503858
1522120
1516884
1522178
1504270
1515088
1515089
1520806
1518779
1505485
1513039
1520969
1516381
1517255
1517777